epoch=55
train_loss=0.298283
train_acc=0.879122
